00000001
00000000
111
00000001
00000000
001
00000000
00000010
00000111
00000001
00000000
001
00000001
00000010
00000111
00000001
00000000
001
00000000
00000010
00000111
00000001
00000000
001
00000000
00000010
00000111
00000001
00000000
001
00000000
00000010
00000111
00000001
00000000
001
00000000
00000010
00000111
00000001
00000000
001
00000000
00000010
00000111
00000001
00000000
001
00000000
00000010
00000111
00000001
00000000
001
00000000
00000010
00000111
00000001
00000000
001
00000000
00000010
00000111
00000001
00000000
001
00000000
00000010
00000111
00000001
00000000
001
00000000
00000010
00000111
00000001
00000000
001
00000000
00000010
00000111
00000001
00000000
001
00000000
00000010
00000111
00000001
00000000
001
00000000
00000010
00000111
00000001
00000000
001
00000000
00000010
00000111
00000001
00000000
001
00000000
00000010
00000111
00000001
00000000
001
00000000
00000010
00000111
00000001
00000000
001
00000000
00000010
00000111
00000001
00000000
001
00000000
00000010
00000111
00000001
00000000
001
00000000
00000010
00000111
00000001
00000000
001
00000000
00000010
00000111
00000001
00000000
001
00000000
00000010
00000111
00000001
00000000
001
00000000
00000010
00000111
00000001
00000000
001
00000000
00000010
00000111
00000001
00000000
001
00000000
00000010
00000111
00000001
00000000
001
00000000
00000010
00000111
00000001
00000000
001
00000000
00000010
00000111
00000001
00000000
001
00000000
00000010
00000111
00000001
00000000
001
00000000
00000010
00000111
00000001
00000000
001
00000000
00000010
00000111
00000001
00000000
001
00000000
00000010
00000111
00000001
00000000
001
00000000
00000010
00000111
00000001
00000000
001
00000000
00000010
00000111
00000001
00000000
001
00000000
00000010
00000111
00000001
00000000
001
00000000
00000010
00000111
00000001
00000000
001
00000000
00000010
00000111
00000001
00000000
001
00000000
00000010
00000111
00000001
00000000
001
00000000
00000010
00000111
00000001
00000000
001
00000000
00000010
00000111
00000001
00000000
001
00000000
00000010
00000111
00000001
00000000
001
00000000
00000010
00000111
00000001
00000000
001
00000000
00000010
00000111
00000001
00000000
001
00000000
00000010
00000111
00000001
00000000
001
00000000
00000010
00000111
00000001
00000000
001
00000000
00000010
00000111
00000001
00000000
001
00000000
00000010
00000111
00000001
00000000
001
00000000
00000010
00000111
00000001
00000000
001
00000000
00000010
00000111
00000001
00000000
001
00000000
00000010
00000111
00000001
00000000
001
00000000
00000010
00000111
00000001
00000000
001
00000000
00000010
00000111
00000001
00000000
001
00000000
00000010
00000111
00000001
00000000
001
00000000
00000010
00000111
00000001
00000000
001
00000000
00000010
00000111
00000001
00000000
001
00000000
00000010
00000111
00000001
00000000
001
00000000
00000010
00000111
00000001
00000000
001
00000000
00000010
00000111
00000001
00000000
001
00000000
00000010
00000111
00000001
00000000
001
00000000
00000010
00000111
00000001
00000000
001
00000000
00000010
00000111
00000001
00000000
001
00000000
00000010
00000111
00000001
00000000
001
00000000
00000010
00000111
00000001
00000000
001
00000000
00000010
00000111
00000010
00000111
00000001
00000000
001
00000010
00000010
00000111
00000001
00000000
001
00001011
00000010
00000111
00110001
00000001
00000000
001
00000000
00000010
00000111
00000001
00000000
001
00000010
00000010
00000111
00001011
00001110
00000001
00001001
00000111
10101010
00000100
00000001
00000000
001
00000010
00000010
00000111
00010010
00000001
00000000
001
11111101
00000010
00000111
00010001
00001111
01010101
00000001
00000000
001
00000010
00000010
00000111
00001011
00001110
00000010
00000011
00010101
00000000
100
0001
00001001
00000001
00000000
001
00000001
00000010
00000111
00010011
00000000
000